51
50
1
50
49
1
150
49
1
250
49
1
350
49
1
450
50
1
450
49
1
550
49
1
650
49
1
750
49
1
850
49
1
950
49
1
1049.8403000000026
49
1
1149.8403000000026
49
1
1249.8403000000026
49
1
1349.8403000000026
49
1
1450.2441000000056
49
1
1591.8031000000126
90
2
1659.8031000000126
90
2
1785.8031000000126
91
2
1853.8031000000126
91
2
1983.681100000024
92
2
2053.681100000024
92
2
2123.681100000024
92
2
2192.681100000024
93
2
2193.681100000024
92
2
2309.293600000038
123
2
2418.293600000038
158
2
2525.293600000038
196
2
2594.8778000000484
196
2
2662.8778000000484
196
2
2770.8778000000484
248
2
2838.53780000006
248
2
end
